f=@(x) (432*x.^4+72*x.^2+16*x+5)*exp(1)-8*exp(6*x);
fp=@(x) (1728*x.^3+144*x+16)*exp(1)-48*exp(6*x);
newt(f, fp, 5);

x =

   0.500000000000000
   0.478047251377279
                   0
                   0
                   0
                   0


x =

   0.500000000000000
   0.478047251377279
   0.473942618700500
                   0
                   0
                   0


x =

   0.500000000000000
   0.478047251377279
   0.473942618700500
   0.473815955037586
                   0
                   0


x =

   0.500000000000000
   0.478047251377279
   0.473942618700500
   0.473815955037586
   0.473815838069341
                   0


x =

   0.500000000000000
   0.478047251377279
   0.473942618700500
   0.473815955037586
   0.473815838069341
   0.473815838069242


r =

   0.473815838069242

newt(f, fp, 6);

x =

   0.500000000000000
   0.478047251377279
                   0
                   0
                   0
                   0
                   0


x =

   0.500000000000000
   0.478047251377279
   0.473942618700500
                   0
                   0
                   0
                   0


x =

   0.500000000000000
   0.478047251377279
   0.473942618700500
   0.473815955037586
                   0
                   0
                   0


x =

   0.500000000000000
   0.478047251377279
   0.473942618700500
   0.473815955037586
   0.473815838069341
                   0
                   0


x =

   0.500000000000000
   0.478047251377279
   0.473942618700500
   0.473815955037586
   0.473815838069341
   0.473815838069242
                   0


x =

   0.500000000000000
   0.478047251377279
   0.473942618700500
   0.473815955037586
   0.473815838069341
   0.473815838069242
   0.473815838069241


r =

   0.473815838069241

newt(f, fp, 7);

x =

   0.500000000000000
   0.478047251377279
                   0
                   0
                   0
                   0
                   0
                   0


x =

   0.500000000000000
   0.478047251377279
   0.473942618700500
                   0
                   0
                   0
                   0
                   0


x =

   0.500000000000000
   0.478047251377279
   0.473942618700500
   0.473815955037586
                   0
                   0
                   0
                   0


x =

   0.500000000000000
   0.478047251377279
   0.473942618700500
   0.473815955037586
   0.473815838069341
                   0
                   0
                   0


x =

   0.500000000000000
   0.478047251377279
   0.473942618700500
   0.473815955037586
   0.473815838069341
   0.473815838069242
                   0
                   0


x =

   0.500000000000000
   0.478047251377279
   0.473942618700500
   0.473815955037586
   0.473815838069341
   0.473815838069242
   0.473815838069241
                   0


x =

   0.500000000000000
   0.478047251377279
   0.473942618700500
   0.473815955037586
   0.473815838069341
   0.473815838069242
   0.473815838069241
   0.473815838069242


r =

   0.473815838069242

newt(f, fp, 5);

x =

   0.500000000000000
   0.478047251377279
                   0
                   0
                   0
                   0


x =

   0.500000000000000
   0.478047251377279
   0.473942618700500
                   0
                   0
                   0


x =

   0.500000000000000
   0.478047251377279
   0.473942618700500
   0.473815955037586
                   0
                   0


x =

   0.500000000000000
   0.478047251377279
   0.473942618700500
   0.473815955037586
   0.473815838069341
                   0


x =

   0.500000000000000
   0.478047251377279
   0.473942618700500
   0.473815955037586
   0.473815838069341
   0.473815838069242


r =

   0.473815838069242


ans =

   0.500000000000000   0.026184161930758   6.171746669725795
   0.478047251377279   0.004231413308037   7.080794895271423
   0.473942618700500   0.000126780631258   7.277170009868958
   0.473815955037586   0.000000116968344   7.278903995234184
   0.473815838069341   0.000000000000100                   0
   0.473815838069242                   0                   0

fpp=@(x) (5184*x.^2+144)*exp(1)-288*exp(6*x);
fpp(0.47381583806924)/(2*fp(0.47381583806924))

ans =

   7.283386597094728

f=@(x) (432*x.^4+72*x.^2+16*x+3)*exp(1)-8*exp(6*x);
newt(f, fp, 5);

x =

   0.500000000000000
   0.438579819183476
                   0
                   0
                   0
                   0


x =

   0.500000000000000
   0.438579819183476
   0.387587511880733
                   0
                   0
                   0


x =

   0.500000000000000
   0.438579819183476
   0.387587511880733
   0.345586289965882
                   0
                   0


x =

   0.500000000000000
   0.438579819183476
   0.387587511880733
   0.345586289965882
   0.311204672896067
                   0


x =

   0.500000000000000
   0.438579819183476
   0.387587511880733
   0.345586289965882
   0.311204672896067
   0.283196592326605


r =

   0.283196592326605

newt(f, fp, 15);

x =

   0.500000000000000
   0.438579819183476
                   0
                   0
                   0
                   0
                   0
                   0
                   0
                   0
                   0
                   0
                   0
                   0
                   0
                   0


x =

   0.500000000000000
   0.438579819183476
   0.387587511880733
                   0
                   0
                   0
                   0
                   0
                   0
                   0
                   0
                   0
                   0
                   0
                   0
                   0


x =

   0.500000000000000
   0.438579819183476
   0.387587511880733
   0.345586289965882
                   0
                   0
                   0
                   0
                   0
                   0
                   0
                   0
                   0
                   0
                   0
                   0


x =

   0.500000000000000
   0.438579819183476
   0.387587511880733
   0.345586289965882
   0.311204672896067
                   0
                   0
                   0
                   0
                   0
                   0
                   0
                   0
                   0
                   0
                   0


x =

   0.500000000000000
   0.438579819183476
   0.387587511880733
   0.345586289965882
   0.311204672896067
   0.283196592326605
                   0
                   0
                   0
                   0
                   0
                   0
                   0
                   0
                   0
                   0


x =

   0.500000000000000
   0.438579819183476
   0.387587511880733
   0.345586289965882
   0.311204672896067
   0.283196592326605
   0.260467086689482
                   0
                   0
                   0
                   0
                   0
                   0
                   0
                   0
                   0


x =

   0.500000000000000
   0.438579819183476
   0.387587511880733
   0.345586289965882
   0.311204672896067
   0.283196592326605
   0.260467086689482
   0.242076245291962
                   0
                   0
                   0
                   0
                   0
                   0
                   0
                   0


x =

   0.500000000000000
   0.438579819183476
   0.387587511880733
   0.345586289965882
   0.311204672896067
   0.283196592326605
   0.260467086689482
   0.242076245291962
   0.227230752530793
                   0
                   0
                   0
                   0
                   0
                   0
                   0


